0.001000
0.428571
0.857143
1.285714
1.714286
2.142857
2.571429
3.000000
3.428571
3.857143
4.285714
4.714286
5.142857
5.571429
6.000000
6.428571
6.857143
7.285714
7.714286
8.142857
8.571429
9.000000
9.428571
9.857143
10.285714
10.714286
11.142857
11.571429
12.000000
12.428571
12.857143
13.285714
13.714286
14.142857
14.571429
15.000000
15.428571
15.857143
16.285714
16.714286
17.142857
17.571429
18.000000
18.428571
18.857143
19.285714
19.714286
20.142857
20.571429
21.000000
21.428571
21.857143
22.285714
22.714286
23.142857
23.571429
24.000000
24.428571
24.857143
25.285714
25.714286
26.142857
26.571429
27.000000
27.428571
27.857143
28.285714
28.714286
29.142857
29.571429
30.000000
30.428571
30.857143
31.285714
31.714286
32.142857
32.571429
33.000000
33.428571
33.857143
34.285714
34.714286
35.142857
35.571429
36.000000
36.428571
36.857143
37.285714
37.714286
38.142857
38.571429
39.000000
39.428571
39.857143
40.285714
40.714286
41.142857
41.571429
42.000000
42.428571
42.857143
43.285714
43.714286
44.142857
44.571429
45.000000
45.428571
45.857143
46.285714
46.714286
47.142857
47.571429
48.000000
48.428571
48.857143
49.285714
49.714286
50.142857
50.571429
51.000000
51.428571
51.857143
52.285714
52.714286
53.142857
53.571429
54.000000
54.428571
54.857143
55.285714
55.714286
56.142857
56.571429
57.000000
57.428571
57.857143
58.285714
58.714286
59.142857
59.571429
60.000000
60.428571
60.857143
61.285714
61.714286
62.142857
62.571429
63.000000
63.428571
63.857143
64.285714
64.714286
65.142857
65.571429
66.000000
66.428571
66.857143
67.285714
67.714286
68.142857
68.571429
69.000000
69.428571
69.857143
70.285714
70.714286
71.142857
71.571429
72.000000
72.428571
72.857143
73.285714
73.714286
74.142857
74.571429
75.000000
75.428571
75.857143
76.285714
76.714286
77.142857
77.571429
78.000000
78.428571
78.857143
79.285714
79.714286
80.142857
80.571429
81.000000
81.428571
81.857143
82.285714
82.714286
83.142857
83.571429
84.000000
84.428571
84.857143
85.285714
85.714286
86.142857
86.571429
87.000000
87.428571
87.857143
88.285714
88.714286
89.142857
89.571429
90.000000
90.428571
90.857143
91.285714
91.714286
92.142857
92.571429
93.000000
93.428571
93.857143
94.285714
94.714286
95.142857
95.571429
96.000000
96.428571
96.857143
97.285714
97.714286
98.142857
98.571429
99.000000
99.428571
99.857143
100.285714
100.714286
101.142857
101.571429
102.000000
102.428571
102.857143
103.285714
103.714286
104.142857
104.571429
105.000000
105.428571
105.857143
106.285714
106.714286
107.142857
107.571429
108.000000
108.428571
108.857143
109.285714
109.714286
110.142857
110.571429
111.000000
111.428571
111.857143
112.285714
112.714286
113.142857
113.571429
114.000000
114.428571
114.857143
115.285714
115.714286
116.142857
116.571429
117.000000
117.428571
117.857143
118.285714
118.714286
119.142857
119.571429
120.000000
120.428571
120.857143
121.285714
121.714286
122.142857
122.571429
123.000000
123.428571
123.857143
124.285714
124.714286
125.142857
125.571429
126.000000
126.428571
126.857143
127.285714
127.714286
128.142857
128.571429
129.000000
129.428571
129.857143
130.285714
130.714286
131.142857
131.571429
132.000000
132.428571
132.857143
133.285714
133.714286
134.142857
134.571429
135.000000
135.428571
135.857143
136.285714
136.714286
137.142857
137.571429
138.000000
138.428571
138.857143
139.285714
139.714286
140.142857
140.571429
141.000000
141.428571
141.857143
142.285714
142.714286
143.142857
143.571429
144.000000
144.428571
144.857143
145.285714
145.714286
146.142857
146.571429
147.000000
147.428571